0.1 43.4329813995 45.03868768522621
0.25 28.5791120004 28.92993498176368
0.4 25.2678828906 24.902746805898047
0.55 23.4524721046 23.072206725959127
0.7 22.664084154 22.026183823136883
0.85 21.5873552653 21.349345474251905
1. 21.2426080129 20.87555863003242
1.15 21.1041001966 20.52536835387019
1.3 20.6658047656 20.255991218360784
1.45 20.2788069187 20.0423472833016
1.6 20.4274400725 19.86876158606601
1.75 20.4974376163 19.72493343692795
1.9 19.8775095115 19.603814995548532
2.05 20.3537313274 19.50042120412708
2.2 19.7951291169 19.41112656608128
2.35 19.7952154105 19.333231243530687
2.5 20.2469282434 19.264683359686163
2.65 19.5969742706 19.203895613635364
2.8 19.6299408669 19.149620840375718
2.95 19.7425180144 19.100865535583157
3.1 19.7107417537 19.0568284860931