0.1 36.6874044499
0.12 29.712412961033333
0.14 24.730276183271425
0.16 20.99367359995
0.18 18.087427146255553
0.2 15.762429983299999
0.22 13.860159577245454
0.24 12.274934238866667
0.26 10.933589721776922
0.28 9.783865849985713
0.3 8.787438494433333
0.32 7.915564558325
0.34 7.146264026464705
0.36 6.462441331477777
0.38 5.850599972805265
0.4 5.29994275
0.42 4.801729072223809
0.44 4.348807546972727
0.46 3.935270502178261
0.48 3.5561948777833337
0.5 3.20744530334
0.52 2.8855226192384613
0.54 2.5874460598851847
0.56 2.3106606833428565
0.58 2.0529639534586215
0.6 1.8124470055666668
0.62 1.5874472801193553
0.64 1.3765100375125003
0.66 1.1783568702151515
0.68 0.9918597715823525
0.7000000000000001 0.8160196500142849
0.72 0.6499484240888886
0.74 0.4928540211864867
0.76 0.34402774475263254
0.78 0.20283358505897375
0.8 0.06869913335
0.8200000000000001 -0.05889217437317029
0.84 -0.18040770553809526
0.86 -0.2962713515325577
0.88 -0.4068684681636361
0.9 -0.5125501573888886
0.92 -0.6136369905608694
0.9400000000000001 -0.71042225636383
0.96 -0.803174802758333
0.98 -0.892141530932653
1. -0.9775495899799997
1.02 -1.0596083133784315
1.04 -1.1385109320307691
1.06 -1.2144360933754719
1.08 -1.2875492117074074
1.1 -1.3580036711909091
1.12 -1.4259418999785716
1.1400000000000001 -1.491496331264912
1.16 -1.554790264920689
1.18 -1.6159386415033894
1.2 -1.6750487388666664
1.22 -1.7322208002508193
1.24 -1.7875486015903221
1.26 -1.8411199647920635
1.28 -1.8930172228937496
1.3 -1.9433176422846152
1.32 -1.992093806542424
1.34 -2.039413965897015
1.36 -2.0853423558588235
1.3800000000000001 -2.1299394881405798
1.4000000000000001 -2.1732624166428574
1.42 -2.2153649809619713
1.44 -2.2562980296055555
1.46 -2.2961096248616437
1.48 -2.3348452310567565
1.5 -2.372547887753333