0.05 71.88660885766376
0.06 62.93730180018458
0.07 56.54493961627087
0.08 51.75066797833559
0.09 48.02179003771927
0.1 45.03868768522621
0.11 42.597967578640976
0.12 40.56403415648662
0.13 38.843013568509846
0.14 37.36785306452977
0.15 36.089380627747026
0.16 34.97071724556213
0.17 33.983661320104865
0.18 33.10627827525396
0.19 32.32125134038737
0.2 31.614727099007435
0.21 30.975490880616064
0.22 30.394367045714823
0.23 29.86377571819629
0.24 29.377400334637642
0.25 28.92993498176368
0.26 28.51689004064926
0.27 28.134441021098866
0.28 27.779309788659212
0.29 27.448670365353337
0.3 27.140073570267845
0.31 26.851386245833034
0.32 26.580741879175395
0.33 26.326500201406102
0.34 26.087213916446764
0.35000000000000003 25.861601133485102
0.36 25.648522394021313
0.37 25.44696142425827
0.38 25.256008926588017
0.39 25.074848864695724
0.4 24.902746805898047
0.41000000000000003 24.739039969480746
0.42 24.583128696702364
0.43 24.434469111029955
0.44 24.292566779251743
0.45 24.156971217774785
0.46 24.027271115492475
0.47000000000000003 23.903090166498778
0.48 23.784083423713152
0.49 23.669934099000407
0.5 23.56035074727617
0.51 23.455064781894066
0.52 23.35382827671896
0.53 23.25641201702216
0.54 23.162603766943764
0.55 23.072206725959127
0.56 22.985038150723938
0.5700000000000001 22.900928121988233
0.58 22.819718439071
0.59 22.74126162676113
0.6 22.665420041528254
0.61 22.592065065647276
0.62 22.52107637931085
0.63 22.452341302064465
0.64 22.38575419598203
0.65 22.3212159239329
0.66 22.25863335709738
0.67 22.19791892658531
0.68 22.138990214617714
0.6900000000000001 22.081769581257873
0.7000000000000001 22.026183823136883
0.71 21.972163861019304
0.72 21.919644453404988
0.73 21.86856393367052
0.74 21.818863968523466
0.75 21.770489335780336
0.76 21.72338771968834
0.77 21.677509522196136
0.78 21.632807688742194
0.79 21.58923754727443
0.8 21.546756659343355
0.81 21.505324682225396
0.8200000000000001 21.464903241134706
0.8300000000000001 21.425455810672705
0.84 21.386947604745515
0.85 21.349345474251905
0.86 21.31261781190931
0.87 21.276734463643553
0.88 21.241666646020203
0.89 21.20738686924232
0.9 21.173868865281722
0.91 21.141087520748833
0.92 21.10901881414057
0.93 21.077639757136787
0.9400000000000001 21.04692833964372
0.9500000000000001 21.016863478308405
0.96 20.987424968250906
0.97 20.958593437782223
0.98 20.930350305894535
0.99 20.90267774232781
1. 20.87555863003242
1.01 20.848976529861687
1.02 20.822915647341365
1.03 20.797360801374833
1.04 20.77229739475381
1.05 20.747711386354144
1.06 20.723589264905414
1.07 20.699918024231422
1.08 20.676685139866212
1.09 20.653878546957245
1.1 20.631486619373895
1.11 20.6094981499452
1.12 20.5879023317563
1.1300000000000001 20.566688740438003
1.1400000000000001 20.545847317388446
1.1500000000000001 20.52536835387019
1.16 20.50524247592983
1.17 20.48546063009102
1.18 20.466014069774896
1.19 20.446894342405265
1.2 20.42809327715846
1.21 20.40960297332069
1.22 20.39141578921797
1.23 20.373524331686024
1.24 20.355921446049756
1.25 20.338600206583667
1.26 20.321553907426562
1.27 20.304776053925476
1.28 20.288260354385347
1.29 20.272000712202427
1.3 20.255991218360784
1.31 20.240226144272444
1.32 20.224699934943022
1.33 20.20940720244562
1.34 20.194342719686986
1.35 20.179501414450705
1.36 20.16487836370319
1.37 20.15046878814907
1.3800000000000001 20.13626804702327
1.3900000000000001 20.12227163310791
1.4000000000000001 20.108475167962773
1.41 20.0948743973587
1.42 20.081465186903984
1.43 20.068243517854228
1.44 20.055205483096827
1.45 20.0423472833016
1.46 20.02966522322959
1.47 20.01715570819258
1.48 20.004815240656065
1.49 19.992640416979103
1.5 19.980627924284498
1.51 19.968774537453402
1.52 19.9570771162385
1.53 19.945532602490463
1.54 19.9341380174924
1.55 19.922890459397536
1.56 19.91178710076543
1.57 19.90082518619233
1.58 19.890002030031546
1.59 19.87931501419983
1.6 19.86876158606601
1.61 19.858339256418326
1.62 19.84804559750703
1.6300000000000001 19.837878241159064
1.6400000000000001 19.827834876961685
1.6500000000000001 19.81791325051215
1.6600000000000001 19.808111161730682
1.67 19.798426463234026
1.68 19.78885705876709
1.69 19.779400901690295
1.7 19.770055993520284
1.71 19.760820382521853
1.72 19.751692162348984
1.73 19.74266947073303
1.74 19.73375048821611
1.75 19.72493343692795
1.76 19.71621657940443
1.77 19.70759821744615
1.78 19.69907669101549
1.79 19.69065037717065
1.8 19.682317689035195
1.81 19.674077074801787
1.82 19.665927016768748
1.83 19.6578660304082
1.84 19.649892663464616
1.85 19.642005495082586
1.86 19.634203134962725
1.87 19.626484222544683
1.8800000000000001 19.618847426216192
1.8900000000000001 19.611291442547262
1.9000000000000001 19.603814995548532
1.9100000000000001 19.596416835952933
1.92 19.589095740519785
1.93 19.581850511360557
1.94 19.574679975285445
1.95 19.567582983170077
1.96 19.5605584093416
1.97 19.55360515098346
1.98 19.546722127558237
1.99 19.539908280247836
2. 19.53316257141054
2.0100000000000002 19.526483984054213
2.02 19.519871521325175
2.0300000000000002 19.513324206012186
2.04 19.506841080065012
2.05 19.50042120412708
2.06 19.494063657081746
2.07 19.487767535611734
2.08 19.48153195377124
2.09 19.475356042570365
2.1 19.4692389495714
2.11 19.463179838496604
2.12 19.45717788884704
2.13 19.45123229553221
2.14 19.445342268510043
2.15 19.43950703243692
2.16 19.43372582632744
2.17 19.427997903223574
2.18 19.422322529872954
2.19 19.41669898641595
2.2 19.41112656608128
2.21 19.40560457488991
2.22 19.40013233136693
2.23 19.394709166261197
2.24 19.389334422272483
2.25 19.384007453785888
2.2600000000000002 19.378727626613333
2.27 19.37349431774186
2.2800000000000002 19.368306915088557
2.29 19.363164817261918
2.3000000000000003 19.358067433329424
2.31 19.353014182591153
2.32 19.348004494359248
2.33 19.343037807743066
2.34 19.33811357143984
2.35 19.333231243530687
2.36 19.328390291281778
2.37 19.323590190950586
2.38 19.318830427596964
2.39 19.31411049489902
2.4 19.30942989497356
2.41 19.30478813820101
2.42 19.30018474305468
2.43 19.29561923593424
2.44 19.291091151003318
2.45 19.28660003003101
2.46 19.282145422237345
2.47 19.27772688414241
2.48 19.27334397941921
2.49 19.26899627875001
2.5 19.264683359686163
2.5100000000000002 19.260404806511275
2.52 19.256160210107613
2.5300000000000002 19.25194916782572
2.54 19.24777128335707
2.5500000000000003 19.243626166609744
2.56 19.239513433587003
2.57 19.235432706268725
2.58 19.231383612495545
2.59 19.22736578585575
2.6 19.223378865574723
2.61 19.21942249640696
2.62 19.215496328530556
2.63 19.211600017444084
2.64 19.207733223865844
2.65 19.203895613635364
2.66 19.20008685761714
2.67 19.19630663160655
2.68 19.192554616237825
2.69 19.18883049689415
2.7 19.185133963619684
2.71 19.18146471103359
2.72 19.177822438245926
2.73 19.174206848775388
2.74 19.170617650468866
2.75 19.167054555422755
2.7600000000000002 19.163517279905964
2.77 19.160005544284605
2.7800000000000002 19.15651907294829
2.79 19.15305759423804
2.8000000000000003 19.149620840375718
2.81 19.14620854739498
2.82 19.142820455073682
2.83 19.13945630686773
2.84 19.136115849846323
2.85 19.132798834628577
2.86 19.129505015321445
2.87 19.12623414945896
2.88 19.122985997942745
2.89 19.119760324983734
2.9 19.11655689804513
2.91 19.113375487786517
2.92 19.110215868009128
2.93 19.10707781560223
2.94 19.10396111049062
2.95 19.100865535583157
2.96 19.097790876722364
2.97 19.094736922635043
2.98 19.09170346488388
2.99 19.08869029782002
3. 19.08569721853658
3.0100000000000002 19.082724026823133
3.02 19.07977052512103
3.0300000000000002 19.07683651847967
3.04 19.073921814513582
3.0500000000000003 19.071026223360384
3.06 19.068149557639565
3.0700000000000003 19.065291632412034
3.08 19.062452265140532
3.09 19.05963127565072
3.1 19.0568284860931